GPU Device 0: "GRID RTX6000P-8C" with compute capability 7.5

block_size : 16	 
2	 0.074112	 0.000215889
4	 0.03776	 0.00338983
8	 0.03584	 0.0285714
16	 0.076576	 0.106979
32	 0.053696	 1.2205
64	 0.078048	 6.71751
128	 0.188608	 22.2382
256	 0.54512	 61.5542
512	 2.59091	 103.607
1024	 9.20659	 233.255
2048	 46.34	 370.735
4096	 270.963	 507.224


block_size : 32	 
2	 0.075488	 0.000211954
4	 0.065984	 0.00193986
8	 0.049728	 0.020592
16	 0.04448	 0.184173
32	 0.110944	 0.590712
64	 0.123456	 4.24676
128	 0.138496	 30.2847
256	 0.325984	 102.933
512	 1.12941	 237.678
1024	 4.45626	 481.903
2048	 40.2031	 427.327
4096	 211.993	 648.317


block_size : 64	 
2	 0.060512	 0.00026441
4	 0.034976	 0.00365965
8	 0.035328	 0.0289855
16	 0.040576	 0.201893
32	 0.046624	 1.40563
64	 0.082048	 6.39002
128	 0.200224	 20.9481
256	 0.35984	 93.2482
512	 1.29853	 206.723
1024	 3.64691	 588.85
2048	 19.8589	 865.096
4096	 119.553	 1149.6


block_size : 128	 
2	 0.052064	 0.000307314
4	 0.034464	 0.00371402
8	 0.042816	 0.0239163
16	 0.045376	 0.180536
32	 0.043552	 1.50478
64	 0.075488	 6.94532
128	 0.184352	 22.7516
256	 0.392128	 85.5701
512	 1.31661	 203.884
1024	 4.56378	 470.55
2048	 11.0342	 1556.97
4096	 103.495	 1327.97


block_size : 256	 
2	 0.042976	 0.000372301
4	 0.036448	 0.00351185
8	 0.036672	 0.0279232
16	 0.043744	 0.187271
32	 0.048288	 1.35719
64	 0.084416	 6.21077
128	 0.148384	 28.2665
256	 0.305344	 109.891
512	 1.13933	 235.609
1024	 2.63405	 815.279
2048	 11.3415	 1514.78
4096	 103.664	 1325.82


block_size : 512	 
2	 0.043552	 0.000367377
4	 0.04208	 0.00304183
8	 0.040192	 0.0254777
16	 0.03424	 0.239252
32	 0.042336	 1.548
64	 0.074272	 7.05903
128	 0.176288	 23.7923
256	 0.2352	 142.663
512	 1.35526	 198.069
1024	 3.564	 602.549
2048	 9.36205	 1835.05
4096	 107.26	 1281.36


block_size : 1024	 
2	 0.041728	 0.000383436
4	 0.042848	 0.0029873
8	 0.050016	 0.0204734
16	 0.0336	 0.24381
32	 0.04	 1.6384
64	 0.05264	 9.95988
128	 0.131296	 31.9454
256	 0.235296	 142.605
512	 0.874688	 306.893
1024	 4.39622	 488.484
2048	 19.6265	 875.341
4096	 109.335	 1257.04


block_size : 2048	 
2	 0.040448	 0.00039557
4	 0.034208	 0.00374181
8	 0.032896	 0.0311284
16	 0.032896	 0.249027
32	 0.041344	 1.58514
64	 0.060512	 8.6642
128	 0.15216	 27.5651
256	 0.245216	 136.836
512	 0.960864	 279.369
1024	 2.36301	 908.792
2048	 9.7097	 1769.35
4096	 103.213	 1331.6


block_size : 4096	 
2	 0.057024	 0.000280584
4	 0.035136	 0.00364299
8	 0.056064	 0.0182648
16	 0.034208	 0.239476
32	 0.0384	 1.70667
64	 0.067744	 7.73925
128	 0.14544	 28.8387
256	 0.36064	 93.0414
512	 1.25837	 213.32
1024	 3.67789	 583.89
2048	 16.9557	 1013.22
4096	 126.076	 1090.13
